channel_name,slat,slon,selev
CE.34349..HNE,35.6156005859375,-118.47840118408203,754.0
CE.34349..HNN,35.6156005859375,-118.47840118408203,754.0
CE.34349..HNZ,35.6156005859375,-118.47840118408203,754.0
CE.43158..HNE,36.22809982299805,-117.96990203857422,1149.0
CE.43158..HNN,36.22809982299805,-117.96990203857422,1149.0
CE.43158..HNZ,36.22809982299805,-117.96990203857422,1149.0
CE.44015..HNE,36.60070037841797,-118.06050109863281,1143.0
CE.44015..HNN,36.60070037841797,-118.06050109863281,1143.0
CE.44015..HNZ,36.60070037841797,-118.06050109863281,1143.0
CI.ADO..HHE,34.55046081542969,-117.43390655517578,908.0
CI.ADO..HHN,34.55046081542969,-117.43390655517578,908.0
CI.ADO..HHZ,34.55046081542969,-117.43390655517578,908.0
CI.ADO..HNE,34.55046081542969,-117.43390655517578,908.0
CI.ADO..HNN,34.55046081542969,-117.43390655517578,908.0
CI.ADO..HNZ,34.55046081542969,-117.43390655517578,908.0
CI.ALP..HHE,34.68708038330078,-118.2994613647461,753.0
CI.ALP..HHN,34.68708038330078,-118.2994613647461,753.0
CI.ALP..HHZ,34.68708038330078,-118.2994613647461,753.0
CI.ALP..HNE,34.68708038330078,-118.2994613647461,753.0
CI.ALP..HNN,34.68708038330078,-118.2994613647461,753.0
CI.ALP..HNZ,34.68708038330078,-118.2994613647461,753.0
CI.APL..HNE,35.34149169921875,-116.87464141845703,959.0
CI.APL..HNN,35.34149169921875,-116.87464141845703,959.0
CI.APL..HNZ,35.34149169921875,-116.87464141845703,959.0
CI.ARV..HHE,35.12689971923828,-118.83009338378906,258.0
CI.ARV..HNN,35.12689971923828,-118.83009338378906,258.0
CI.AVM..HHE,35.06562042236328,-116.61549377441406,708.5
CI.AVM..HHN,35.06562042236328,-116.61549377441406,708.5
CI.AVM..HHZ,35.06562042236328,-116.61549377441406,708.5
CI.AVM..HNE,35.06562042236328,-116.61549377441406,708.5
CI.AVM..HNN,35.06562042236328,-116.61549377441406,708.5
CI.AVM..HNZ,35.06562042236328,-116.61549377441406,708.5
CI.CCA..HHE,35.15251922607422,-118.01648712158203,710.0
CI.CCA..HHN,35.15251922607422,-118.01648712158203,710.0
CI.CCA..HHZ,35.15251922607422,-118.01648712158203,710.0
CI.CCA..HNE,35.15251922607422,-118.01648712158203,710.0
CI.CCA..HNN,35.15251922607422,-118.01648712158203,710.0
CI.CCA..HNZ,35.15251922607422,-118.01648712158203,710.0
CI.CCC..HHE,35.52494812011719,-117.36453247070312,670.0
CI.CCC..HHN,35.52494812011719,-117.36453247070312,670.0
CI.CCC..HHZ,35.52494812011719,-117.36453247070312,670.0
CI.CCC..HNE,35.52494812011719,-117.36453247070312,670.0
CI.CCC..HNN,35.52494812011719,-117.36453247070312,670.0
CI.CCC..HNZ,35.52494812011719,-117.36453247070312,670.0
CI.CGO..HHE,36.55039978027344,-117.80294799804688,2795.0
CI.CGO..HHN,36.55039978027344,-117.80294799804688,2795.0
CI.CGO..HHZ,36.55039978027344,-117.80294799804688,2795.0
CI.CGO..HNE,36.55039978027344,-117.80294799804688,2795.0
CI.CGO..HNN,36.55039978027344,-117.80294799804688,2795.0
CI.CGO..HNZ,36.55039978027344,-117.80294799804688,2795.0
CI.CLC..HHE,35.815738677978516,-117.5975112915039,775.0
CI.CLC..HHN,35.815738677978516,-117.5975112915039,775.0
CI.CLC..HHZ,35.815738677978516,-117.5975112915039,775.0
CI.CLC..HNE,35.815738677978516,-117.5975112915039,775.0
CI.CLC..HNN,35.815738677978516,-117.5975112915039,775.0
CI.CLC..HNZ,35.815738677978516,-117.5975112915039,775.0
CI.CWC..HHE,36.439048767089844,-118.08049774169922,1569.5
CI.CWC..HHN,36.439048767089844,-118.08049774169922,1569.5
CI.CWC..HHZ,36.439048767089844,-118.08049774169922,1569.5
CI.CWC..HNE,36.439048767089844,-118.08049774169922,1569.5
CI.CWC..HNN,36.439048767089844,-118.08049774169922,1569.5
CI.CWC..HNZ,36.439048767089844,-118.08049774169922,1569.5
CI.DAW..HHE,36.271480560302734,-117.5921401977539,1477.4000244140625
CI.DAW..HHN,36.271480560302734,-117.5921401977539,1477.4000244140625
CI.DAW..HHZ,36.271480560302734,-117.5921401977539,1477.4000244140625
CI.DAW..HNE,36.271480560302734,-117.5921401977539,1477.4000244140625
CI.DAW..HNN,36.271480560302734,-117.5921401977539,1477.4000244140625
CI.DAW..HNZ,36.271480560302734,-117.5921401977539,1477.4000244140625
CI.DTP..HHE,35.26742172241211,-117.84580993652344,908.0
CI.DTP..HHN,35.26742172241211,-117.84580993652344,908.0
CI.DTP..HHZ,35.26742172241211,-117.84580993652344,908.0
CI.DTP..HNE,35.26742172241211,-117.84580993652344,908.0
CI.DTP..HNN,35.26742172241211,-117.84580993652344,908.0
CI.DTP..HNZ,35.26742172241211,-117.84580993652344,908.0
CI.EDW2..HHE,34.881099700927734,-117.99388122558594,772.0
CI.EDW2..HHN,34.881099700927734,-117.99388122558594,772.0
CI.EDW2..HHZ,34.881099700927734,-117.99388122558594,772.0
CI.EDW2..HNE,34.881099700927734,-117.99388122558594,772.0
CI.EDW2..HNN,34.881099700927734,-117.99388122558594,772.0
CI.EDW2..HNZ,34.881099700927734,-117.99388122558594,772.0
CI.FDR..HHE,35.64262008666992,-118.93433380126953,352.1000061035156
CI.FDR..HHN,35.64262008666992,-118.93433380126953,352.1000061035156
CI.FDR..HHZ,35.64262008666992,-118.93433380126953,352.1000061035156
CI.FDR..HNE,35.64262008666992,-118.93433380126953,352.1000061035156
CI.FDR..HNN,35.64262008666992,-118.93433380126953,352.1000061035156
CI.FDR..HNZ,35.64262008666992,-118.93433380126953,352.1000061035156
CI.FOX2..HHE,34.7338981628418,-118.24046325683594,719.7000122070312
CI.FOX2..HHN,34.7338981628418,-118.24046325683594,719.7000122070312
CI.FOX2..HHZ,34.7338981628418,-118.24046325683594,719.7000122070312
CI.FOX2..HNE,34.7338981628418,-118.24046325683594,719.7000122070312
CI.FOX2..HNN,34.7338981628418,-118.24046325683594,719.7000122070312
CI.FOX2..HNZ,34.7338981628418,-118.24046325683594,719.7000122070312
CI.FUR..HHE,36.4670295715332,-116.86322021484375,-37.0
CI.FUR..HHN,36.4670295715332,-116.86322021484375,-37.0
CI.FUR..HHZ,36.4670295715332,-116.86322021484375,-37.0
CI.FUR..HNE,36.4670295715332,-116.86322021484375,-37.0
CI.FUR..HNN,36.4670295715332,-116.86322021484375,-37.0
CI.FUR..HNZ,36.4670295715332,-116.86322021484375,-37.0
CI.GRA..HHE,36.99607849121094,-117.3662109375,689.0
CI.GRA..HHN,36.99607849121094,-117.3662109375,689.0
CI.GRA..HHZ,36.99607849121094,-117.3662109375,689.0
CI.GRA..HNE,36.99607849121094,-117.3662109375,689.0
CI.GRA..HNN,36.99607849121094,-117.3662109375,689.0
CI.GRA..HNZ,36.99607849121094,-117.3662109375,689.0
CI.GSC..HHE,35.3017692565918,-116.80574035644531,1000.0
CI.GSC..HHN,35.3017692565918,-116.80574035644531,1000.0
CI.GSC..HHZ,35.3017692565918,-116.80574035644531,1000.0
CI.GSC..HNE,35.3017692565918,-116.80574035644531,1000.0
CI.GSC..HNN,35.3017692565918,-116.80574035644531,1000.0
CI.GSC..HNZ,35.3017692565918,-116.80574035644531,1000.0
CI.HAR..HHE,35.01139831542969,-117.29908752441406,620.0
CI.HAR..HHN,35.01139831542969,-117.29908752441406,620.0
CI.HAR..HHZ,35.01139831542969,-117.29908752441406,620.0
CI.HAR..HNE,35.01139831542969,-117.29908752441406,620.0
CI.HAR..HNN,35.01139831542969,-117.29908752441406,620.0
CI.HAR..HNZ,35.01139831542969,-117.29908752441406,620.0
CI.HYS..HHE,34.865318298339844,-117.56974792480469,833.0
CI.HYS..HHN,34.865318298339844,-117.56974792480469,833.0
CI.HYS..HHZ,34.865318298339844,-117.56974792480469,833.0
CI.HYS..HNE,34.865318298339844,-117.56974792480469,833.0
CI.HYS..HNN,34.865318298339844,-117.56974792480469,833.0
CI.HYS..HNZ,34.865318298339844,-117.56974792480469,833.0
CI.ISA..HHE,35.66278076171875,-118.47402954101562,873.0
CI.ISA..HHN,35.66278076171875,-118.47402954101562,873.0
CI.ISA..HHZ,35.66278076171875,-118.47402954101562,873.0
CI.ISA..HNE,35.66278076171875,-118.47402954101562,873.0
CI.ISA..HNN,35.66278076171875,-118.47402954101562,873.0
CI.ISA..HNZ,35.66278076171875,-118.47402954101562,873.0
CI.JRC2..HHE,35.98249053955078,-117.80885314941406,1469.0
CI.JRC2..HHN,35.98249053955078,-117.80885314941406,1469.0
CI.JRC2..HHZ,35.98249053955078,-117.80885314941406,1469.0
CI.JRC2..HNE,35.98249053955078,-117.80885314941406,1469.0
CI.JRC2..HNN,35.98249053955078,-117.80885314941406,1469.0
CI.JRC2..HNZ,35.98249053955078,-117.80885314941406,1469.0
CI.LDR..HHE,34.9906005859375,-118.34156036376953,1121.0
CI.LDR..HHN,34.9906005859375,-118.34156036376953,1121.0
CI.LDR..HHZ,34.9906005859375,-118.34156036376953,1121.0
CI.LDR..HNE,34.9906005859375,-118.34156036376953,1121.0
CI.LDR..HNN,34.9906005859375,-118.34156036376953,1121.0
CI.LDR..HNZ,34.9906005859375,-118.34156036376953,1121.0
CI.LMR2..HHE,34.934391021728516,-117.6962890625,964.0
CI.LMR2..HHN,34.934391021728516,-117.6962890625,964.0
CI.LMR2..HHZ,34.934391021728516,-117.6962890625,964.0
CI.LMR2..HNE,34.934391021728516,-117.6962890625,964.0
CI.LMR2..HNN,34.934391021728516,-117.6962890625,964.0
CI.LMR2..HNZ,34.934391021728516,-117.6962890625,964.0
CI.LRL..HHE,35.47954177856445,-117.68212127685547,1340.0
CI.LRL..HHN,35.47954177856445,-117.68212127685547,1340.0
CI.LRL..HHZ,35.47954177856445,-117.68212127685547,1340.0
CI.LRL..HNE,35.47954177856445,-117.68212127685547,1340.0
CI.LRL..HNN,35.47954177856445,-117.68212127685547,1340.0
CI.LRL..HNZ,35.47954177856445,-117.68212127685547,1340.0
CI.MAG..EHZ,35.36164855957031,-118.92282104492188,135.0
CI.MAG..HNE,35.36164855957031,-118.92282104492188,135.0
CI.MAG..HNN,35.36164855957031,-118.92282104492188,135.0
CI.MAG..HNZ,35.36164855957031,-118.92282104492188,135.0
CI.MPM..HHE,36.05799102783203,-117.489013671875,1839.0
CI.MPM..HHN,36.05799102783203,-117.489013671875,1839.0
CI.MPM..HHZ,36.05799102783203,-117.489013671875,1839.0
CI.MPM..HNE,36.05799102783203,-117.489013671875,1839.0
CI.MPM..HNN,36.05799102783203,-117.489013671875,1839.0
CI.MPM..HNZ,36.05799102783203,-117.489013671875,1839.0
CI.NBS..HHE,34.78034973144531,-116.5579833984375,590.0
CI.NBS..HHN,34.78034973144531,-116.5579833984375,590.0
CI.NBS..HHZ,34.78034973144531,-116.5579833984375,590.0
CI.NBS..HNE,34.78034973144531,-116.5579833984375,590.0
CI.NBS..HNN,34.78034973144531,-116.5579833984375,590.0
CI.NBS..HNZ,34.78034973144531,-116.5579833984375,590.0
CI.NEN..EHZ,34.775390625,-118.50099182128906,859.0
CI.NEN..HNE,34.775390625,-118.50099182128906,859.0
CI.NEN..HNN,34.775390625,-118.50099182128906,859.0
CI.NEN..HNZ,34.775390625,-118.50099182128906,859.0
CI.PUT..EHZ,34.6911506652832,-117.96919250488281,747.0
CI.PUT..HNE,34.6911506652832,-117.96919250488281,747.0
CI.PUT..HNN,34.6911506652832,-117.96919250488281,747.0
CI.PUT..HNZ,34.6911506652832,-117.96919250488281,747.0
CI.Q0056.01.HNE,34.839290618896484,-117.14985656738281,739.0
CI.Q0056.01.HNN,34.839290618896484,-117.14985656738281,739.0
CI.Q0056.01.HNZ,34.839290618896484,-117.14985656738281,739.0
CI.Q0061.01.HNE,34.5919075012207,-117.81298065185547,831.0
CI.Q0061.01.HNN,34.5919075012207,-117.81298065185547,831.0
CI.Q0061.01.HNZ,34.5919075012207,-117.81298065185547,831.0
CI.Q0068.01.HNE,35.11167526245117,-117.97665405273438,729.0
CI.Q0068.01.HNN,35.11167526245117,-117.97665405273438,729.0
CI.Q0068.01.HNZ,35.11167526245117,-117.97665405273438,729.0
CI.Q0072.01.HNE,35.609615325927734,-117.66671752929688,695.0
CI.Q0072.01.HNN,35.609615325927734,-117.66671752929688,695.0
CI.Q0072.01.HNZ,35.609615325927734,-117.66671752929688,695.0
CI.RRX..HHE,34.87533187866211,-116.99684143066406,676.2000122070312
CI.RRX..HHN,34.87533187866211,-116.99684143066406,676.2000122070312
CI.RRX..HHZ,34.87533187866211,-116.99684143066406,676.2000122070312
CI.RRX..HNE,34.87533187866211,-116.99684143066406,676.2000122070312
CI.RRX..HNN,34.87533187866211,-116.99684143066406,676.2000122070312
CI.RRX..HNZ,34.87533187866211,-116.99684143066406,676.2000122070312
CI.SBB2..HHE,34.688438415527344,-117.8242416381836,825.0
CI.SBB2..HHN,34.688438415527344,-117.8242416381836,825.0
CI.SBB2..HHZ,34.688438415527344,-117.8242416381836,825.0
CI.SBB2..HNE,34.688438415527344,-117.8242416381836,825.0
CI.SBB2..HNN,34.688438415527344,-117.8242416381836,825.0
CI.SBB2..HNZ,34.688438415527344,-117.8242416381836,825.0
CI.SHO..HHE,35.89952850341797,-116.27529907226562,451.0
CI.SHO..HHN,35.89952850341797,-116.27529907226562,451.0
CI.SHO..HHZ,35.89952850341797,-116.27529907226562,451.0
CI.SHO..HNE,35.89952850341797,-116.27529907226562,451.0
CI.SHO..HNN,35.89952850341797,-116.27529907226562,451.0
CI.SHO..HNZ,35.89952850341797,-116.27529907226562,451.0
CI.SHU..EHZ,34.642791748046875,-118.16454315185547,774.0
CI.SHU..HNE,34.642791748046875,-118.16454315185547,774.0
CI.SHU..HNN,34.642791748046875,-118.16454315185547,774.0
CI.SHU..HNZ,34.642791748046875,-118.16454315185547,774.0
CI.SLA..HHE,35.89094924926758,-117.28331756591797,1174.0
CI.SLA..HHN,35.89094924926758,-117.28331756591797,1174.0
CI.SLA..HHZ,35.89094924926758,-117.28331756591797,1174.0
CI.SLA..HNE,35.89094924926758,-117.28331756591797,1174.0
CI.SLA..HNN,35.89094924926758,-117.28331756591797,1174.0
CI.SLA..HNZ,35.89094924926758,-117.28331756591797,1174.0
CI.SPG2..HHE,36.20056915283203,-118.76624298095703,627.0
CI.SPG2..HHN,36.20056915283203,-118.76624298095703,627.0
CI.SPG2..HHZ,36.20056915283203,-118.76624298095703,627.0
CI.SPG2..HNE,36.20056915283203,-118.76624298095703,627.0
CI.SPG2..HNN,36.20056915283203,-118.76624298095703,627.0
CI.SPG2..HNZ,36.20056915283203,-118.76624298095703,627.0
CI.SRT..HHE,35.69234848022461,-117.7505111694336,667.0
CI.SRT..HHN,35.69234848022461,-117.7505111694336,667.0
CI.SRT..HHZ,35.69234848022461,-117.7505111694336,667.0
CI.SRT..HNE,35.69234848022461,-117.7505111694336,667.0
CI.SRT..HNN,35.69234848022461,-117.7505111694336,667.0
CI.SRT..HNZ,35.69234848022461,-117.7505111694336,667.0
CI.TEH..HHE,35.29130172729492,-118.42079162597656,846.0
CI.TEH..HHN,35.29130172729492,-118.42079162597656,846.0
CI.TEH..HHZ,35.29130172729492,-118.42079162597656,846.0
CI.TEH..HNE,35.29130172729492,-118.42079162597656,846.0
CI.TEH..HNN,35.29130172729492,-118.42079162597656,846.0
CI.TEH..HNZ,35.29130172729492,-118.42079162597656,846.0
CI.TEJ..EHZ,35.23107147216797,-118.68878173828125,650.0
CI.TEJ..HNE,35.23107147216797,-118.68878173828125,650.0
CI.TEJ..HNN,35.23107147216797,-118.68878173828125,650.0
CI.TEJ..HNZ,35.23107147216797,-118.68878173828125,650.0
CI.THC..HNE,34.908531188964844,-118.6644287109375,1688.0
CI.THC..HNN,34.908531188964844,-118.6644287109375,1688.0
CI.THC..HNZ,34.908531188964844,-118.6644287109375,1688.0
CI.TJR..EHZ,35.0272216796875,-118.74372863769531,398.0
CI.TJR..HNE,35.0272216796875,-118.74372863769531,398.0
CI.TJR..HNN,35.0272216796875,-118.74372863769531,398.0
CI.TOW2..HHE,35.80855941772461,-117.76487731933594,685.0
CI.TOW2..HHN,35.80855941772461,-117.76487731933594,685.0
CI.TOW2..HHZ,35.80855941772461,-117.76487731933594,685.0
CI.TOW2..HNE,35.80855941772461,-117.76487731933594,685.0
CI.TOW2..HNN,35.80855941772461,-117.76487731933594,685.0
CI.TOW2..HNZ,35.80855941772461,-117.76487731933594,685.0
CI.TPO..HHE,34.87882995605469,-118.2286376953125,769.0
CI.TPO..HHN,34.87882995605469,-118.2286376953125,769.0
CI.TPO..HHZ,34.87882995605469,-118.2286376953125,769.0
CI.TPO..HNE,34.87882995605469,-118.2286376953125,769.0
CI.TPO..HNN,34.87882995605469,-118.2286376953125,769.0
CI.TPO..HNZ,34.87882995605469,-118.2286376953125,769.0
CI.VTV..HHE,34.56064987182617,-117.32959747314453,843.0
CI.VTV..HHN,34.56064987182617,-117.32959747314453,843.0
CI.VTV..HHZ,34.56064987182617,-117.32959747314453,843.0
CI.VTV..HNE,34.56064987182617,-117.32959747314453,843.0
CI.VTV..HNN,34.56064987182617,-117.32959747314453,843.0
CI.VTV..HNZ,34.56064987182617,-117.32959747314453,843.0
CI.WAS2..HHE,35.737701416015625,-118.55742645263672,1828.0
CI.WAS2..HHN,35.737701416015625,-118.55742645263672,1828.0
CI.WAS2..HHZ,35.737701416015625,-118.55742645263672,1828.0
CI.WAS2..HNE,35.737701416015625,-118.55742645263672,1828.0
CI.WAS2..HNN,35.737701416015625,-118.55742645263672,1828.0
CI.WAS2..HNZ,35.737701416015625,-118.55742645263672,1828.0
CI.WBM..HHE,35.60839080810547,-117.89048767089844,892.0
CI.WBM..HHN,35.60839080810547,-117.89048767089844,892.0
CI.WBM..HHZ,35.60839080810547,-117.89048767089844,892.0
CI.WBM..HNE,35.60839080810547,-117.89048767089844,892.0
CI.WBM..HNN,35.60839080810547,-117.89048767089844,892.0
CI.WBM..HNZ,35.60839080810547,-117.89048767089844,892.0
CI.WBP..HHE,35.87841033935547,-118.07414245605469,2494.60009765625
CI.WBP..HHN,35.87841033935547,-118.07414245605469,2494.60009765625
CI.WBP..HHZ,35.87841033935547,-118.07414245605469,2494.60009765625
CI.WBP..HNE,35.87841033935547,-118.07414245605469,2494.60009765625
CI.WBP..HNN,35.87841033935547,-118.07414245605469,2494.60009765625
CI.WBP..HNZ,35.87841033935547,-118.07414245605469,2494.60009765625
CI.WBS..HHE,35.53664016723633,-118.14035034179688,1927.0
CI.WBS..HHN,35.53664016723633,-118.14035034179688,1927.0
CI.WBS..HHZ,35.53664016723633,-118.14035034179688,1927.0
CI.WBS..HNE,35.53664016723633,-118.14035034179688,1927.0
CI.WBS..HNN,35.53664016723633,-118.14035034179688,1927.0
CI.WBS..HNZ,35.53664016723633,-118.14035034179688,1927.0
CI.WCS2..HHE,36.025211334228516,-117.7652587890625,1143.0
CI.WCS2..HHN,36.025211334228516,-117.7652587890625,1143.0
CI.WCS2..HHZ,36.025211334228516,-117.7652587890625,1143.0
CI.WCS2..HNE,36.025211334228516,-117.7652587890625,1143.0
CI.WCS2..HNN,36.025211334228516,-117.7652587890625,1143.0
CI.WCS2..HNZ,36.025211334228516,-117.7652587890625,1143.0
CI.WHF..HHE,35.69512939453125,-118.3518295288086,859.0
CI.WHF..HHN,35.69512939453125,-118.3518295288086,859.0
CI.WHF..HHZ,35.69512939453125,-118.3518295288086,859.0
CI.WHF..HNE,35.69512939453125,-118.3518295288086,859.0
CI.WHF..HNN,35.69512939453125,-118.3518295288086,859.0
CI.WHF..HNZ,35.69512939453125,-118.3518295288086,859.0
CI.WLS2..EHZ,34.57898712158203,-117.7193832397461,889.0
CI.WLS2..HNE,34.57898712158203,-117.7193832397461,889.0
CI.WLS2..HNN,34.57898712158203,-117.7193832397461,889.0
CI.WLS2..HNZ,34.57898712158203,-117.7193832397461,889.0
CI.WMF..HHE,36.11758041381836,-117.8548583984375,1537.4000244140625
CI.WMF..HHN,36.11758041381836,-117.8548583984375,1537.4000244140625
CI.WMF..HHZ,36.11758041381836,-117.8548583984375,1537.4000244140625
CI.WMF..HNE,36.11758041381836,-117.8548583984375,1537.4000244140625
CI.WMF..HNN,36.11758041381836,-117.8548583984375,1537.4000244140625
CI.WMF..HNZ,36.11758041381836,-117.8548583984375,1537.4000244140625
CI.WNM..EHZ,35.842201232910156,-117.90615844726562,974.2999877929688
CI.WNM..HNE,35.842201232910156,-117.90615844726562,974.2999877929688
CI.WNM..HNN,35.842201232910156,-117.90615844726562,974.2999877929688
CI.WNM..HNZ,35.842201232910156,-117.90615844726562,974.2999877929688
CI.WOR..HHE,35.69562911987305,-118.24246215820312,795.0
CI.WOR..HHN,35.69562911987305,-118.24246215820312,795.0
CI.WOR..HHZ,35.69562911987305,-118.24246215820312,795.0
CI.WOR..HNE,35.69562911987305,-118.24246215820312,795.0
CI.WOR..HNN,35.69562911987305,-118.24246215820312,795.0
CI.WOR..HNZ,35.69562911987305,-118.24246215820312,795.0
CI.WRC2..HHE,35.947898864746094,-117.65038299560547,943.0
CI.WRC2..HHN,35.947898864746094,-117.65038299560547,943.0
CI.WRC2..HHZ,35.947898864746094,-117.65038299560547,943.0
CI.WRC2..HNE,35.947898864746094,-117.65038299560547,943.0
CI.WRC2..HNN,35.947898864746094,-117.65038299560547,943.0
CI.WRC2..HNZ,35.947898864746094,-117.65038299560547,943.0
CI.WRV2..EHZ,36.00774002075195,-117.8904037475586,1070.0
CI.WRV2..HNE,36.00774002075195,-117.8904037475586,1070.0
CI.WRV2..HNN,36.00774002075195,-117.8904037475586,1070.0
CI.WRV2..HNZ,36.00774002075195,-117.8904037475586,1070.0
CI.WVP2..EHZ,35.94939041137695,-117.81768798828125,1465.0
CI.WVP2..HNE,35.94939041137695,-117.81768798828125,1465.0
CI.WVP2..HNN,35.94939041137695,-117.81768798828125,1465.0
CI.WVP2..HNZ,35.94939041137695,-117.81768798828125,1465.0
GS.CA01.00.HH1,35.66511917114258,-117.4236831665039,570.4000244140625
GS.CA01.00.HH2,35.66511917114258,-117.4236831665039,570.4000244140625
GS.CA01.00.HHZ,35.66511917114258,-117.4236831665039,570.4000244140625
GS.CA01.20.HN1,35.66511917114258,-117.4236831665039,570.4000244140625
GS.CA01.20.HN2,35.66511917114258,-117.4236831665039,570.4000244140625
GS.CA01.20.HNZ,35.66511917114258,-117.4236831665039,570.4000244140625
GS.CA02.00.HH1,35.82915115356445,-117.35542297363281,541.5999755859375
GS.CA02.00.HH2,35.82915115356445,-117.35542297363281,541.5999755859375
GS.CA02.00.HHZ,35.82915115356445,-117.35542297363281,541.5999755859375
GS.CA02.20.HN1,35.82915115356445,-117.35542297363281,541.5999755859375
GS.CA02.20.HN2,35.82915115356445,-117.35542297363281,541.5999755859375
GS.CA02.20.HNZ,35.82915115356445,-117.35542297363281,541.5999755859375
GS.CA03.00.HH1,35.622039794921875,-117.56910705566406,762.2000122070312
GS.CA03.00.HH2,35.622039794921875,-117.56910705566406,762.2000122070312
GS.CA03.00.HHZ,35.622039794921875,-117.56910705566406,762.2000122070312
GS.CA03.20.HN1,35.622039794921875,-117.56910705566406,762.2000122070312
GS.CA03.20.HN2,35.622039794921875,-117.56910705566406,762.2000122070312
GS.CA03.20.HNZ,35.622039794921875,-117.56910705566406,762.2000122070312
GS.CA04.00.HH1,35.478328704833984,-117.5602035522461,1005.4000244140625
GS.CA04.00.HH2,35.478328704833984,-117.5602035522461,1005.4000244140625
GS.CA04.00.HHZ,35.478328704833984,-117.5602035522461,1005.4000244140625
GS.CA04.20.HN1,35.478328704833984,-117.5602035522461,1005.4000244140625
GS.CA04.20.HN2,35.478328704833984,-117.5602035522461,1005.4000244140625
GS.CA04.20.HNZ,35.478328704833984,-117.5602035522461,1005.4000244140625
GS.CA05.00.HH1,35.58926010131836,-117.2868881225586,612.0999755859375
GS.CA05.00.HH2,35.58926010131836,-117.2868881225586,612.0999755859375
GS.CA05.00.HHZ,35.58926010131836,-117.2868881225586,612.0999755859375
GS.CA05.20.HN1,35.58926010131836,-117.2868881225586,612.0999755859375
GS.CA05.20.HN2,35.58926010131836,-117.2868881225586,612.0999755859375
GS.CA05.20.HNZ,35.58926010131836,-117.2868881225586,612.0999755859375
GS.CA06.00.HH1,35.5996208190918,-117.49268341064453,796.4000244140625
GS.CA06.00.HH2,35.5996208190918,-117.49268341064453,796.4000244140625
GS.CA06.00.HHZ,35.5996208190918,-117.49268341064453,796.4000244140625
GS.CA06.20.HN1,35.5996208190918,-117.49268341064453,796.4000244140625
GS.CA06.20.HN2,35.5996208190918,-117.49268341064453,796.4000244140625
GS.CA06.20.HNZ,35.5996208190918,-117.49268341064453,796.4000244140625
GS.CA07.00.HN1,35.79058837890625,-117.3580322265625,505.6000061035156
GS.CA07.00.HN2,35.79058837890625,-117.3580322265625,505.6000061035156
GS.CA07.00.HNZ,35.79058837890625,-117.3580322265625,505.6000061035156
GS.CA08.00.HN1,35.76919937133789,-117.37560272216797,509.70001220703125
GS.CA08.00.HN2,35.76919937133789,-117.37560272216797,509.70001220703125
GS.CA08.00.HNZ,35.76919937133789,-117.37560272216797,509.70001220703125
GS.CA09.00.HN1,35.621551513671875,-117.67234802246094,699.4000244140625
GS.CA09.00.HN2,35.621551513671875,-117.67234802246094,699.4000244140625
GS.CA09.00.HNZ,35.621551513671875,-117.67234802246094,699.4000244140625
NN.FMT..EHZ,36.63750076293945,-116.78350067138672,1079.0
NN.GWY..HHE,36.18600082397461,-116.6697998046875,1538.0
NN.GWY..HHN,36.18600082397461,-116.6697998046875,1538.0
NN.GWY..HHZ,36.18600082397461,-116.6697998046875,1538.0
NN.MCA..EHZ,36.64649963378906,-117.28140258789062,303.0
NN.QSM..HHE,35.96500015258789,-116.86910247802734,385.0
NN.QSM..HHN,35.96500015258789,-116.86910247802734,385.0
NN.QSM..HHZ,35.96500015258789,-116.86910247802734,385.0
NN.WCT..EHZ,36.792701721191406,-116.62660217285156,967.0
NN.WLDB..HHE,36.792701721191406,-116.62660217285156,955.0
NN.WLDB..HHN,36.792701721191406,-116.62660217285156,955.0
NN.WLDB..HHZ,36.792701721191406,-116.62660217285156,955.0
NP.1808..HNE,36.801788330078125,-118.2039794921875,1203.0
NP.1808..HNN,36.801788330078125,-118.2039794921875,1203.0
NP.1808..HNZ,36.801788330078125,-118.2039794921875,1203.0
NP.1809..HNE,36.10953903198242,-117.95651245117188,1092.0
NP.1809..HNN,36.10953903198242,-117.95651245117188,1092.0
NP.1809..HNZ,36.10953903198242,-117.95651245117188,1092.0
NP.5419..HNE,35.6490592956543,-117.66187286376953,689.0
NP.5419..HNN,35.6490592956543,-117.66187286376953,689.0
NP.5419..HNZ,35.6490592956543,-117.66187286376953,689.0
NP.5419.10.HNE,35.6490592956543,-117.66187286376953,689.0
NP.5419.10.HNN,35.6490592956543,-117.66187286376953,689.0
NP.5419.10.HNZ,35.6490592956543,-117.66187286376953,689.0
NP.5480..EHZ,34.703121185302734,-118.42572784423828,942.0
NP.5480..HNE,34.703121185302734,-118.42572784423828,942.0
NP.5480..HNZ,34.703121185302734,-118.42572784423828,942.0
PB.B916..EH1,36.192501068115234,-117.66850280761719,1859.9000244140625
PB.B916..EH2,36.192501068115234,-117.66850280761719,1859.9000244140625
PB.B916..EHZ,36.192501068115234,-117.66850280761719,1859.9000244140625
PB.B917..EH1,35.40530014038086,-117.25879669189453,1192.0
PB.B917..EH2,35.40530014038086,-117.25879669189453,1192.0
PB.B917..EHZ,35.40530014038086,-117.25879669189453,1192.0
PB.B918..EH1,35.935699462890625,-117.60169982910156,1042.5999755859375
PB.B918..EH2,35.935699462890625,-117.60169982910156,1042.5999755859375
PB.B918..EHZ,35.935699462890625,-117.60169982910156,1042.5999755859375
PB.B921..EH1,35.58649826049805,-117.46219635009766,694.5
PB.B921..EH2,35.58649826049805,-117.46219635009766,694.5
PB.B921..EHZ,35.58649826049805,-117.46219635009766,694.5
SN.AMD..EHE,36.452598571777344,-116.28179931640625,775.4000244140625
SN.AMD..EHN,36.452598571777344,-116.28179931640625,775.4000244140625
SN.AMD..EHZ,36.452598571777344,-116.28179931640625,775.4000244140625
SN.HEL..HHE,36.72460174560547,-116.97589874267578,747.0
SN.HEL..HHN,36.72460174560547,-116.97589874267578,747.0
SN.HEL..HHZ,36.72460174560547,-116.97589874267578,747.0
SN.HEL..HNE,36.72460174560547,-116.97589874267578,747.0
SN.HEL..HNN,36.72460174560547,-116.97589874267578,747.0
SN.HEL..HNZ,36.72460174560547,-116.97589874267578,747.0
SN.LEC..EHE,36.56269836425781,-116.69049835205078,1113.0
SN.LEC..EHN,36.56269836425781,-116.69049835205078,1113.0
SN.LEC..EHZ,36.56269836425781,-116.69049835205078,1113.0
ZY.SV01..HHE,35.64550018310547,-117.47760009765625,602.0
ZY.SV01..HHN,35.64550018310547,-117.47760009765625,602.0
ZY.SV01..HHZ,35.64550018310547,-117.47760009765625,602.0
ZY.SV01..HNE,35.64550018310547,-117.47760009765625,602.0
ZY.SV01..HNN,35.64550018310547,-117.47760009765625,602.0
ZY.SV01..HNZ,35.64550018310547,-117.47760009765625,602.0
ZY.SV01.CC.HHE,35.64550018310547,-117.47760009765625,602.0
ZY.SV01.CC.HHN,35.64550018310547,-117.47760009765625,602.0
ZY.SV01.CC.HHZ,35.64550018310547,-117.47760009765625,602.0
ZY.SV01.CC.HNE,35.64550018310547,-117.47760009765625,602.0
ZY.SV01.CC.HNN,35.64550018310547,-117.47760009765625,602.0
ZY.SV01.CC.HNZ,35.64550018310547,-117.47760009765625,602.0
ZY.SV02..HHE,35.885501861572266,-117.70480346679688,688.0
ZY.SV02..HHN,35.885501861572266,-117.70480346679688,688.0
ZY.SV02..HHZ,35.885501861572266,-117.70480346679688,688.0
ZY.SV02..HNE,35.885501861572266,-117.70480346679688,688.0
ZY.SV02..HNN,35.885501861572266,-117.70480346679688,688.0
ZY.SV02..HNZ,35.885501861572266,-117.70480346679688,688.0
ZY.SV02.CC.HHE,35.885501861572266,-117.70480346679688,688.0
ZY.SV02.CC.HHN,35.885501861572266,-117.70480346679688,688.0
ZY.SV02.CC.HHZ,35.885501861572266,-117.70480346679688,688.0
ZY.SV02.CC.HNE,35.885501861572266,-117.70480346679688,688.0
ZY.SV02.CC.HNN,35.885501861572266,-117.70480346679688,688.0
ZY.SV02.CC.HNZ,35.885501861572266,-117.70480346679688,688.0
ZY.SV03..HHE,35.77050018310547,-117.59970092773438,671.0
ZY.SV03..HHN,35.77050018310547,-117.59970092773438,671.0
ZY.SV03..HHZ,35.77050018310547,-117.59970092773438,671.0
ZY.SV03..HNE,35.77050018310547,-117.59970092773438,671.0
ZY.SV03..HNN,35.77050018310547,-117.59970092773438,671.0
ZY.SV03..HNZ,35.77050018310547,-117.59970092773438,671.0
ZY.SV03.CC.HHE,35.77050018310547,-117.59970092773438,671.0
ZY.SV03.CC.HHN,35.77050018310547,-117.59970092773438,671.0
ZY.SV03.CC.HHZ,35.77050018310547,-117.59970092773438,671.0
ZY.SV03.CC.HNE,35.77050018310547,-117.59970092773438,671.0
ZY.SV03.CC.HNN,35.77050018310547,-117.59970092773438,671.0
ZY.SV03.CC.HNZ,35.77050018310547,-117.59970092773438,671.0
ZY.SV04..HHE,35.90230178833008,-117.70179748535156,707.0
ZY.SV04..HHN,35.90230178833008,-117.70179748535156,707.0
ZY.SV04..HHZ,35.90230178833008,-117.70179748535156,707.0
ZY.SV04..HNE,35.90230178833008,-117.70179748535156,707.0
ZY.SV04..HNN,35.90230178833008,-117.70179748535156,707.0
ZY.SV04..HNZ,35.90230178833008,-117.70179748535156,707.0
ZY.SV04.CC.HHE,35.90230178833008,-117.70179748535156,707.0
ZY.SV04.CC.HHN,35.90230178833008,-117.70179748535156,707.0
ZY.SV04.CC.HHZ,35.90230178833008,-117.70179748535156,707.0
ZY.SV04.CC.HNE,35.90230178833008,-117.70179748535156,707.0
ZY.SV04.CC.HNN,35.90230178833008,-117.70179748535156,707.0
ZY.SV04.CC.HNZ,35.90230178833008,-117.70179748535156,707.0
ZY.SV05..HHE,35.7224006652832,-117.5718994140625,664.0
ZY.SV05..HHN,35.7224006652832,-117.5718994140625,664.0
ZY.SV05..HHZ,35.7224006652832,-117.5718994140625,664.0
ZY.SV05..HNE,35.7224006652832,-117.5718994140625,664.0
ZY.SV05..HNN,35.7224006652832,-117.5718994140625,664.0
ZY.SV05..HNZ,35.7224006652832,-117.5718994140625,664.0
ZY.SV05.CC.HHE,35.7224006652832,-117.5718994140625,664.0
ZY.SV05.CC.HHN,35.7224006652832,-117.5718994140625,664.0
ZY.SV05.CC.HHZ,35.7224006652832,-117.5718994140625,664.0
ZY.SV05.CC.HNE,35.7224006652832,-117.5718994140625,664.0
ZY.SV05.CC.HNN,35.7224006652832,-117.5718994140625,664.0
ZY.SV05.CC.HNZ,35.7224006652832,-117.5718994140625,664.0
ZY.SV06..HHE,35.601200103759766,-117.381103515625,597.9000244140625
ZY.SV06..HHN,35.601200103759766,-117.381103515625,597.9000244140625
ZY.SV06..HHZ,35.601200103759766,-117.381103515625,597.9000244140625
ZY.SV06..HNE,35.601200103759766,-117.381103515625,597.9000244140625
ZY.SV06..HNN,35.601200103759766,-117.381103515625,597.9000244140625
ZY.SV06..HNZ,35.601200103759766,-117.381103515625,597.9000244140625
ZY.SV06.CC.HHE,35.601200103759766,-117.381103515625,597.9000244140625
ZY.SV06.CC.HHN,35.601200103759766,-117.381103515625,597.9000244140625
ZY.SV06.CC.HHZ,35.601200103759766,-117.381103515625,597.9000244140625
ZY.SV06.CC.HNE,35.601200103759766,-117.381103515625,597.9000244140625
ZY.SV06.CC.HNN,35.601200103759766,-117.381103515625,597.9000244140625
ZY.SV06.CC.HNZ,35.601200103759766,-117.381103515625,597.9000244140625
ZY.SV07..HHE,35.697601318359375,-117.60320281982422,664.0
ZY.SV07..HHN,35.697601318359375,-117.60320281982422,664.0
ZY.SV07..HHZ,35.697601318359375,-117.60320281982422,664.0
ZY.SV07..HNE,35.697601318359375,-117.60320281982422,664.0
ZY.SV07..HNN,35.697601318359375,-117.60320281982422,664.0
ZY.SV07..HNZ,35.697601318359375,-117.60320281982422,664.0
ZY.SV07.CC.HHE,35.697601318359375,-117.60320281982422,664.0
ZY.SV07.CC.HHN,35.697601318359375,-117.60320281982422,664.0
ZY.SV07.CC.HHZ,35.697601318359375,-117.60320281982422,664.0
ZY.SV07.CC.HNE,35.697601318359375,-117.60320281982422,664.0
ZY.SV07.CC.HNN,35.697601318359375,-117.60320281982422,664.0
ZY.SV07.CC.HNZ,35.697601318359375,-117.60320281982422,664.0
ZY.SV08..HHE,35.57609939575195,-117.418701171875,604.0
ZY.SV08..HHN,35.57609939575195,-117.418701171875,604.0
ZY.SV08..HHZ,35.57609939575195,-117.418701171875,604.0
ZY.SV08..HNE,35.57609939575195,-117.418701171875,604.0
ZY.SV08..HNN,35.57609939575195,-117.418701171875,604.0
ZY.SV08..HNZ,35.57609939575195,-117.418701171875,604.0
ZY.SV08.CC.HHE,35.57609939575195,-117.418701171875,604.0
ZY.SV08.CC.HHN,35.57609939575195,-117.418701171875,604.0
ZY.SV08.CC.HHZ,35.57609939575195,-117.418701171875,604.0
ZY.SV08.CC.HNE,35.57609939575195,-117.418701171875,604.0
ZY.SV08.CC.HNN,35.57609939575195,-117.418701171875,604.0
ZY.SV08.CC.HNZ,35.57609939575195,-117.418701171875,604.0
